D:\bob_pan\ws\axml\src\main\resources\AndroidManifest.xml  1,252 bytes   2012/03/15  20:15:02

          -0 -1 -2 -3  -4 -5 -6 -7  -8 -9 -A -B  -C -D -E -F

00000000- 03 00 08 00  E4 04 00 00  01 00 1C 00  74 02 00 00 [............t...]
00000001- 14 00 00 00  00 00 00 00  00 00 00 00  6C 00 00 00 [............l...]
00000002- 00 00 00 00  00 00 00 00  1A 00 00 00  34 00 00 00 [............4...]
00000003- 42 00 00 00  5A 00 00 00  66 00 00 00  78 00 00 00 [B...Z...f...x...]
00000004- D0 00 00 00  D4 00 00 00  E6 00 00 00  FA 00 00 00 [................]
00000005- 04 01 00 00  0E 01 00 00  28 01 00 00  3C 01 00 00 [........(...<...]
00000006- 48 01 00 00  66 01 00 00  76 01 00 00  AE 01 00 00 [H...f...v.......]
00000007- C2 01 00 00  0B 00 76 00  65 00 72 00  73 00 69 00 [......v.e.r.s.i.]
00000008- 6F 00 6E 00  43 00 6F 00  64 00 65 00  00 00 0B 00 [o.n.C.o.d.e.....]
00000009- 76 00 65 00  72 00 73 00  69 00 6F 00  6E 00 4E 00 [v.e.r.s.i.o.n.N.]
0000000A- 61 00 6D 00  65 00 00 00  05 00 6C 00  61 00 62 00 [a.m.e.....l.a.b.]
0000000B- 65 00 6C 00  00 00 0A 00  64 00 65 00  62 00 75 00 [e.l.....d.e.b.u.]
0000000C- 67 00 67 00  61 00 62 00  6C 00 65 00  00 00 04 00 [g.g.a.b.l.e.....]
0000000D- 6E 00 61 00  6D 00 65 00  00 00 07 00  61 00 6E 00 [n.a.m.e.....a.n.]
0000000E- 64 00 72 00  6F 00 69 00  64 00 00 00  2A 00 68 00 [d.r.o.i.d...*.h.]
0000000F- 74 00 74 00  70 00 3A 00  2F 00 2F 00  73 00 63 00 [t.t.p.:././.s.c.]

00000010- 68 00 65 00  6D 00 61 00  73 00 2E 00  61 00 6E 00 [h.e.m.a.s...a.n.]
00000011- 64 00 72 00  6F 00 69 00  64 00 2E 00  63 00 6F 00 [d.r.o.i.d...c.o.]
00000012- 6D 00 2F 00  61 00 70 00  6B 00 2F 00  72 00 65 00 [m./.a.p.k./.r.e.]
00000013- 73 00 2F 00  61 00 6E 00  64 00 72 00  6F 00 69 00 [s./.a.n.d.r.o.i.]
00000014- 64 00 00 00  00 00 00 00  07 00 70 00  61 00 63 00 [d.........p.a.c.]
00000015- 6B 00 61 00  67 00 65 00  00 00 08 00  6D 00 61 00 [k.a.g.e.....m.a.]
00000016- 6E 00 69 00  66 00 65 00  73 00 74 00  00 00 03 00 [n.i.f.e.s.t.....]
00000017- 61 00 2E 00  62 00 00 00  03 00 31 00  2E 00 30 00 [a...b.....1...0.]
00000018- 00 00 0B 00  61 00 70 00  70 00 6C 00  69 00 63 00 [....a.p.p.l.i.c.]
00000019- 61 00 74 00  69 00 6F 00  6E 00 00 00  08 00 61 00 [a.t.i.o.n.....a.]
0000001A- 63 00 74 00  69 00 76 00  69 00 74 00  79 00 00 00 [c.t.i.v.i.t.y...]
0000001B- 04 00 4D 00  61 00 69 00  6E 00 00 00  0D 00 69 00 [..M.a.i.n.....i.]
0000001C- 6E 00 74 00  65 00 6E 00  74 00 2D 00  66 00 69 00 [n.t.e.n.t.-.f.i.]
0000001D- 6C 00 74 00  65 00 72 00  00 00 06 00  61 00 63 00 [l.t.e.r.....a.c.]
0000001E- 74 00 69 00  6F 00 6E 00  00 00 1A 00  61 00 6E 00 [t.i.o.n.....a.n.]
0000001F- 64 00 72 00  6F 00 69 00  64 00 2E 00  69 00 6E 00 [d.r.o.i.d...i.n.]

00000020- 74 00 65 00  6E 00 74 00  2E 00 61 00  63 00 74 00 [t.e.n.t...a.c.t.]
00000021- 69 00 6F 00  6E 00 2E 00  4D 00 41 00  49 00 4E 00 [i.o.n...M.A.I.N.]
00000022- 00 00 08 00  63 00 61 00  74 00 65 00  67 00 6F 00 [....c.a.t.e.g.o.]
00000023- 72 00 79 00  00 00 20 00  61 00 6E 00  64 00 72 00 [r.y... .a.n.d.r.]
00000024- 6F 00 69 00  64 00 2E 00  69 00 6E 00  74 00 65 00 [o.i.d...i.n.t.e.]
00000025- 6E 00 74 00  2E 00 63 00  61 00 74 00  65 00 67 00 [n.t...c.a.t.e.g.]
00000026- 6F 00 72 00  79 00 2E 00  4C 00 41 00  55 00 4E 00 [o.r.y...L.A.U.N.]
00000027- 43 00 48 00  45 00 52 00  00 00 00 00  80 01 08 00 [C.H.E.R.........]
00000028- 1C 00 00 00  1B 02 01 01  1C 02 01 01  01 00 01 01 [................]
00000029- 0F 00 01 01  03 00 01 01  00 01 10 00  18 00 00 00 [................]
0000002A- 02 00 00 00  FF FF FF FF  05 00 00 00  06 00 00 00 [................]
0000002B- 02 01 10 00  60 00 00 00  02 00 00 00  FF FF FF FF [....`...........]
0000002C- FF FF FF FF  09 00 00 00  14 00 14 00  03 00 00 00 [................]
0000002D- 00 00 00 00  06 00 00 00  00 00 00 00  FF FF FF FF [................]
0000002E- 08 00 00 10  01 00 00 00  06 00 00 00  01 00 00 00 [................]
0000002F- 0B 00 00 00  08 00 00 03  0B 00 00 00  FF FF FF FF [................]

00000030- 08 00 00 00  0A 00 00 00  08 00 00 03  0A 00 00 00 [................]
00000031- 02 01 10 00  4C 00 00 00  06 00 00 00  FF FF FF FF [....L...........]
00000032- FF FF FF FF  0C 00 00 00  14 00 14 00  02 00 00 00 [................]
00000033- 00 00 00 00  06 00 00 00  02 00 00 00  FF FF FF FF [................]
00000034- 08 00 00 01  00 00 03 7F  06 00 00 00  03 00 00 00 [...............]
00000035- FF FF FF FF  08 00 00 12  FF FF FF FF  02 01 10 00 [................]
00000036- 4C 00 00 00  07 00 00 00  FF FF FF FF  FF FF FF FF [L...............]
00000037- 0D 00 00 00  14 00 14 00  02 00 00 00  00 00 00 00 [................]
00000038- 06 00 00 00  02 00 00 00  FF FF FF FF  08 00 00 01 [................]
00000039- 00 00 03 7F  06 00 00 00  04 00 00 00  0E 00 00 00 [...............]
0000003A- 08 00 00 03  0E 00 00 00  02 01 10 00  24 00 00 00 [............$...]
0000003B- 09 00 00 00  FF FF FF FF  FF FF FF FF  0F 00 00 00 [................]
0000003C- 14 00 14 00  00 00 00 00  00 00 00 00  02 01 10 00 [................]
0000003D- 38 00 00 00  0A 00 00 00  FF FF FF FF  FF FF FF FF [8...............]
0000003E- 10 00 00 00  14 00 14 00  01 00 00 00  00 00 00 00 [................]
0000003F- 06 00 00 00  04 00 00 00  11 00 00 00  08 00 00 03 [................]

00000040- 11 00 00 00  03 01 10 00  18 00 00 00  0A 00 00 00 [................]
00000041- FF FF FF FF  FF FF FF FF  10 00 00 00  02 01 10 00 [................]
00000042- 38 00 00 00  0B 00 00 00  FF FF FF FF  FF FF FF FF [8...............]
00000043- 12 00 00 00  14 00 14 00  01 00 00 00  00 00 00 00 [................]
00000044- 06 00 00 00  04 00 00 00  13 00 00 00  08 00 00 03 [................]
00000045- 13 00 00 00  03 01 10 00  18 00 00 00  0B 00 00 00 [................]
00000046- FF FF FF FF  FF FF FF FF  12 00 00 00  03 01 10 00 [................]
00000047- 18 00 00 00  0C 00 00 00  FF FF FF FF  FF FF FF FF [................]
00000048- 0F 00 00 00  03 01 10 00  18 00 00 00  0D 00 00 00 [................]
00000049- FF FF FF FF  FF FF FF FF  0D 00 00 00  03 01 10 00 [................]
0000004A- 18 00 00 00  0E 00 00 00  FF FF FF FF  FF FF FF FF [................]
0000004B- 0C 00 00 00  03 01 10 00  18 00 00 00  0F 00 00 00 [................]
0000004C- FF FF FF FF  FF FF FF FF  09 00 00 00  01 01 10 00 [................]
0000004D- 18 00 00 00  0F 00 00 00  FF FF FF FF  05 00 00 00 [................]
0000004E- 06 00 00 00                                        [....            ]

